TimeStamp-0: 0.019977
TimeStamp-1: 0.091733
TimeStamp-2: 0.173582
TimeStamp-3: 0.260964
TimeStamp-4: 0.336075
TimeStamp-5: 0.406564
TimeStamp-6: 0.473105
TimeStamp-7: 0.542499
TimeStamp-8: 0.613838
TimeStamp-9: 0.675704
TimeStamp-10: 0.743519
TimeStamp-11: 0.813389
TimeStamp-12: 0.876208
TimeStamp-13: 0.944144
TimeStamp-14: 1.007015
TimeStamp-15: 1.076855
TimeStamp-16: 1.144392
TimeStamp-17: 1.222931
TimeStamp-18: 1.289274
TimeStamp-19: 1.366974
TimeStamp-20: 1.441028
TimeStamp-21: 1.503463
